100206
101006
101107
101309
101410
101915
102311
102513
103111
103818
104012
104416
105115
106521
107725
108525
108828
109123
109830
110007
110411
110613
111009
111312
111413
112112
112314
112516
112920
113821
113922
114318
114419
114823
115320
116726
117324
118124
118225
118730
119126
119833
120212
120515
120717
121416
121618
122317
122620
123117
123420
124220
126325
127327
127630
127933
128127
128632
128935
129028
129634
130013
130417
130619
131217
131722
132017
132118
133019
133827
133928
134021
134223
134324
135225
136732
137027
137229
138231
138534
138837
139233
140319
141119
144125
144428
144832
146432
146533
148840
148941
149236
149539
150423
150524
150726
151223
151526
151627
151728
154229
154734
154936
155938
156233
156334
156536
156637
157437
157942
158136
158843
159239
159340
159441
160729
160830
161327
162228
162733
163331
163432
164030
164131
164636
164939
167036
168341
169444
169949
170631
171431
171532
172029
172332
172433
172534
172938
173435
173536
173637
173940
175338
175742
176542
176744
177241
177342
178142
178849
178950
180735
180937
182739
182840
185442
185846
186141
186444
187143
189349
190031
191033
191841
192136
192540
192843
195041
195445
195647
195950
198451
198855
199655
199958
200210
200614
202113
204016
204420
206222
208024
208226
209329
210011
211114
212318
212419
213421
214625
220721
224022
268749
280941
283543
285446
304020
309636
310621
311320
321323
341834
346945
361234
361941
381038
381543
395251
397760
406836
414229
424939
433839
459453
465852
486759
506234
517239
521331
524135
529953
541943
547046
553344
555651
557857
561242
561444
571144
573451
576255
580751
585256
588565
592455
597869
599671
604537
609143
613538
616645
617748
622236
626648
645450
647858
656253
660951
664757
679568
679770
693764
700634
724446
727553
737960
749058
753150
756055
759869
766563
767464
769064
782561
783462
793465
802844
803240
810843
812746
814649
833148
835657
837560
837964
845458
856463
857263
859671
867468
873968
894774
923755
926862
927359
942658
952863
955465
957974
958976
966975
990366
993675
996782